1976	21
1962	2
1994	13
1963	5
1923	2
1925	2
1909	2
1904	7
1897	5
1902	2
1977	2
1900	1
1986	3
1987	12
1984	2
1905	3
1982	8
1983	6
1980	3
1981	8
1942	2
1966	3
1944	5
1946	1
1947	16
1988	3
1989	16
1933	1
1967	2
1912	4
1948	1
1955	1
1954	9
1931	4
1985	1
1937	3
1936	1
1953	5
1886	1
1939	2
1968	2
1959	1
1958	1
1916	1
1991	26
1990	11
1993	53
1992	28
1995	6
1979	11
1997	10
1996	17
1999	36
1998	19
1975	12
1974	3
1972	4
1970	16
2002	897
2003	1548
2000	172
2001	634
2006	2342
2007	2662
2004	2025
2005	2128
1969	2
2008	3304
2009	3341
