1948	5
1942	8
1943	6
1940	4
1941	2
1946	2
1947	8
1944	2
1945	2
1955	7
1954	2
1957	4
1956	151
1951	16
1950	6
1953	9
1952	2
1959	4
1958	3
1920	5
1921	2
1923	14
1924	3
1925	9
1926	6
1927	4
1928	6
1929	5
1933	2
1931	9
1930	1
1936	4
1935	1
1939	12
1841	2
1908	2
1909	1
1906	1
1907	5
1904	4
1905	6
1902	5
1903	5
1900	5
1901	4
1986	19
1987	18
1984	4
1985	40
1982	24
1983	23
1980	15
1981	4
1988	15
1989	7
1919	3
1918	3
1911	2
1910	2
1912	4
1914	3
1917	3
1916	1
1991	75
1990	30
1993	34
1992	58
1995	58
1994	31
1997	69
1996	150
1999	73
1998	52
1899	1
1896	1
1891	2
1968	14
1969	11
1964	6
1965	8
1966	1
1967	7
1960	6
1961	7
1962	3
1963	4
1888	3
1979	15
1978	11
1977	8
1976	11
1975	1
1974	4
1973	9
1972	9
1971	5
1970	9
2002	1163
2003	1907
2000	202
2001	512
2006	3199
2007	4069
2004	2438
2005	2834
2008	4860
2009	5480
