1997	6
1922	7
1854	1
1947	4
1998	2
1921	9
1963	4
1923	45
1988	13
1926	7
1927	2
1929	17
1897	8
1901	2
1986	4
1987	1
1996	9
1968	3
1983	33
1980	7
1981	5
1964	2
1965	1
1967	2
1960	2
1961	4
1962	4
1989	11
1905	10
1949	2
1858	1
1945	4
1956	2
1933	6
1954	1
1957	61
1985	3
1950	4
1935	10
1982	10
1939	1
1938	2
1917	1
1994	12
1991	7
1990	4
1993	2
1992	14
1995	6
1977	2
1979	13
1978	1
1999	23
1976	15
1975	4
1974	10
1973	4
1931	1
1971	2
2002	180
2003	600
2000	27
2001	54
2006	2110
2007	2970
2004	1217
2005	1612
1969	2
2008	3972
2009	4410
1944	1
1925	2
