1948	1
1949	2
1942	3
1943	2
1940	4
1946	1
1947	21
1944	1
1945	2
1955	3
1954	1
1957	42
1956	154
1951	4
1950	1
1953	2
1952	1
1959	9
1958	7
1921	1
1922	5
1923	3
1924	2
1925	5
1926	3
1927	4
1928	6
1929	3
1850	1
1931	1
1936	6
1935	2
1934	1
1939	7
1938	2
1845	1
1875	1
1870	1
1909	1
1907	2
1904	1
1905	3
1903	1
1878	1
1986	22
1987	18
1984	6
1985	34
1982	23
1983	22
1980	13
1981	7
1988	14
1989	11
1919	1
1918	6
1868	1
1915	1
1917	1
1991	44
1990	51
1993	18
1992	35
1995	82
1994	26
1997	72
1996	75
1999	238
1998	86
1899	1
1895	2
1896	2
1890	1
1968	7
1969	13
1964	10
1965	3
1966	6
1967	15
1960	5
1961	13
1962	2
1963	23
1888	2
1884	1
1979	42
1978	6
1977	6
1976	17
1975	9
1974	7
1973	8
1972	24
1971	17
1970	2
2002	4672
2003	18737
2000	789
2001	2534
2006	36295
2007	40209
2004	20959
2005	30036
2008	58045
2009	63903
