1919	4
1989	12
1960	2
1961	2
1937	4
1992	13
1922	7
1923	2
1924	2
1962	2
1908	12
1927	2
1928	3
1929	1
1896	1
1963	4
1939	1
1918	2
1893	2
1986	10
1987	5
1948	1
1949	4
1968	4
1983	11
1980	4
1981	5
1964	2
1965	4
1967	2
1854	1
1947	5
1944	2
1945	2
1901	6
1969	4
1858	1
1979	5
1956	2
1984	6
1955	6
1954	2
1931	1
1985	7
1951	1
1936	5
1935	4
1982	14
1885	2
1933	4
1917	1
1998	10
1991	6
1990	13
1993	1
1988	4
1995	15
1994	9
1997	8
1996	14
1999	42
1976	8
1973	4
1972	4
1971	7
1970	1
2002	798
2003	1112
2000	136
2001	367
2006	2107
2007	2202
2004	2086
2005	1687
1898	2
2008	3296
2009	3777
1921	1
