1948	45
1949	44
1942	95
1943	34
1940	76
1941	88
1946	33
1947	252
1944	71
1945	38
1955	28
1954	23
1957	112
1956	45
1951	62
1950	55
1953	18
1952	41
1959	121
1958	53
1920	2
1922	23
1923	34
1924	97
1925	35
1926	54
1927	38
1928	21
1929	37
1850	1
1854	2
1856	6
1933	12
1932	8
1931	29
1930	16
1937	14
1936	52
1935	146
1934	23
1939	87
1938	58
1845	1
1875	1
1870	1
1909	1
1907	2
1904	1
1905	5
1903	1
1878	1
1986	275
1987	189
1984	153
1985	203
1982	204
1983	262
1980	115
1981	153
1988	238
1989	251
1919	3
1918	6
1868	1
1912	4
1915	1
1917	3
1916	6
1991	369
1990	683
1993	250
1992	330
1995	364
1994	359
1997	304
1996	428
1999	1009
1998	370
1898	4
1899	1
1895	2
1896	3
1897	2
1890	3
1968	159
1969	82
1964	45
1965	54
1966	61
1967	98
1960	61
1961	81
1962	89
1963	94
1888	2
1884	1
1979	182
1978	170
1977	147
1976	174
1975	127
1974	145
1973	121
1972	227
1971	171
1970	176
2002	13637
2003	52847
2000	2906
2001	7960
2006	107087
2007	118162
2004	59825
2005	83626
2008	173564
2009	183801
