1948	11
1918	1
1942	10
1943	4
1941	2
1946	3
1947	52
1944	6
1945	10
1955	9
1954	24
1957	3
1956	8
1951	17
1950	2
1953	22
1952	10
1959	31
1958	4
1920	5
1921	1
1922	40
1923	13
1925	15
1926	12
1927	2
1928	3
1929	3
1859	8
1933	1
1931	13
1930	1
1937	29
1936	10
1935	3
1939	16
1841	2
1908	2
1909	3
1906	1
1907	5
1904	11
1905	21
1902	11
1903	5
1900	6
1901	4
1986	35
1987	21
1984	5
1985	24
1982	22
1983	21
1980	9
1981	6
1988	24
1989	20
1919	3
1860	2
1911	2
1910	2
1913	6
1912	8
1914	3
1917	3
1916	2
1991	76
1990	37
1993	51
1992	76
1995	28
1994	44
1997	26
1996	43
1999	82
1998	45
1899	1
1896	3
1897	19
1891	2
1968	13
1969	12
1964	1
1965	12
1966	5
1967	4
1960	6
1961	9
1962	12
1963	14
1888	7
1886	1
1979	25
1978	8
1977	13
1976	53
1975	11
1974	9
1973	7
1972	10
1971	5
1970	40
2002	631
2003	1824
2000	140
2001	370
2006	2994
2007	3315
2004	1883
2005	2625
2008	4530
2009	4500
